hc = [1239.50 0.03] %nm
n = [2.33 0.12] %units
costh = [0.999 0.001] %units
deltaE = [27.2 1.2] %meV

