x=11
y=48

axis([-10,0,10])